NAME	= andre_2_all
DESCRIPTION	= 
UNIT	= 
DATAFORMAT	= FLOAT
DATAFILE_OFFSET	= 0
BYTEORDER_BIG	= FALSE
TOPTOBOTTOM	= FALSE
POSITION_XMIN	= 446580.3750000000
POSITION_YMIN	= 5128249.0058150003
CELLCOUNT_X	= 1114
CELLCOUNT_Y	= 1724
CELLSIZE	= 0.7500000000
Z_FACTOR	= 1.000000
Z_OFFSET	= 0.000000
NODATA_VALUE	= -9999.000000
