-4.627165570855140686e-02,-7.590184360742568970e-02,9.399629235267639160e-01,3.212469518184661865e-01,6.559748947620391846e-02,3.229876607656478882e-02,4.646750167012214661e-03
-4.649672806262969971e-01,8.710590600967407227e-01,4.258818551898002625e-02,-7.314038462936878204e-03,3.185947611927986145e-02,1.439403444528579712e-01,3.821665793657302856e-02
7.956331968307495117e-02,-1.111798435449600220e-01,3.407490253448486328e-02,-3.040867745876312256e-01,5.599942803382873535e-01,7.102859020233154297e-01,2.637786269187927246e-01
-6.591442972421646118e-02,-3.561352565884590149e-02,2.848581373691558838e-01,-7.864409685134887695e-01,-3.189901113510131836e-01,6.433983892202377319e-02,-4.345791339874267578e-01
8.770710229873657227e-01,4.607451856136322021e-01,8.920583873987197876e-02,-1.141071598976850510e-02,-9.036991000175476074e-02,4.298457875847816467e-02,-1.892157457768917084e-02
-3.971533477306365967e-02,-9.785797446966171265e-02,-7.284726947546005249e-02,2.649361789226531982e-01,-7.119409441947937012e-01,6.292559504508972168e-01,1.025944426655769348e-01
-1.284499187022447586e-02,-3.807079338002949953e-04,1.381517946720123291e-01,-3.398047685623168945e-01,-2.535800337791442871e-01,-2.679233551025390625e-01,8.539296984672546387e-01
